list(N=21,	x=c(275, 106, 88, 13,  247,147, 28, 23, 212, 243, 181,  23, 65,  10, 2, 80, 261, 245, 173, 293, 266), t.cen = 300, Ncen = 9) 