list(alpha=0.2, lambda=200.0, x.cen = c(400, 400, 400, 400, 400, 400, 400, 400, 400))