list(alpha=0.4, lambda=300.0, x.cen = c(310, 310, 310, 310, 310, 310, 310, 310, 310))