list(N=30,x=c(0.602, 0.603, 0.603, 0.615, 0.652, 0.663, 0.688, 0.705, 0.761, 0.770, 
0.868, 0.884, 0.898, 0.901, 0.911, 0.918, 0.935, 0.953, 0.983, 1.009, 1.040, 
1.097, 1.097, 1.148, 1.296, 1.343, 1.422, 1.540, 1.555, 1.653))