list(alpha=0.001, beta= 0.001)