list(alpha=0.02, beta= 0.05)