list(nu = 0.1, lambda = 0.1, x0 = 1.0)