list(nu=1.0, lambda= 2.0, x0= 3.0)